	TE.fixed	lower.fixed	upper.fixed	pval.fixed	TE.random	lower.random	upper.random	pval.random	symbol
ENSG00000173875.12	0.738592896816315	0.670445207890136	0.813667486630629	8.52286598497865e-10	0.739792679051056	0.662323068861643	0.826323638278506	9.28906574891679e-08	ZNF791
ENSG00000106636.6	1.34088181964992	1.23661629458729	1.45393851119173	1.22808172044797e-12	1.33355425839147	1.19432719395473	1.48901152805989	3.11232321878824e-07	YKT6
ENSG00000173578.7	0.950090505495173	0.935851887734986	0.964545758214779	3.0231435039483e-11	0.949096994296059	0.929581398219341	0.969022300045281	8.28774359125081e-07	XCR1
ENSG00000181649.5	1.09060475489793	1.0575286085649	1.12471541835644	3.39681764714579e-08	1.08880111093287	1.04979844405955	1.12925282550849	4.85230730562208e-06	PHLDA2
ENSG00000171873.7	1.05593941357896	1.03753215998373	1.07467323727773	1.30823540643895e-09	1.05941595228446	1.03167720251071	1.08790051502872	2.0105164203467e-05	ADRA1D
ENSG00000167105.6	1.05351357595886	1.03227773036935	1.07518628182796	5.23112975420905e-07	1.06187866419438	1.03137160267743	1.0932880976595	5.41656076866435e-05	TMEM92
ENSG00000151498.10	0.804934702760732	0.749782571982698	0.864143686342524	2.07256389536333e-09	0.776530447640822	0.681765506632525	0.884467650896095	0.000139654492196463	ACAD8
ENSG00000101188.4	1.02763504855426	1.01473544973718	1.04069863065358	2.34120587966017e-05	1.0280245030696	1.01298208974803	1.04329029072407	0.000237832527790857	NTSR1
ENSG00000141012.11	1.17089450017247	1.10155341408585	1.24460050053214	4.07751170545388e-07	1.16956391775842	1.07479985333887	1.27268323816114	0.000279948908222626	GALNS
ENSG00000112742.8	1.18060645022082	1.13571425580297	1.22727313070271	4.69522055832552e-17	1.22170522720625	1.09572563509615	1.36216915473744	0.000310576003233922	TTK
ENSG00000065308.4	1.17514040621157	1.10860169694339	1.24567279494396	5.73962934561043e-08	1.18202064129435	1.0791091254192	1.2947465307581	0.000320464327370563	TRAM2
ENSG00000135862.5	1.15844748880968	1.09962853714746	1.22041265663286	3.16260915783008e-08	1.16917771316314	1.0723500539375	1.27474840882235	0.000394598010029038	LAMC1
ENSG00000178988.10	0.834320150779822	0.766354847869746	0.908313056193489	2.93908140947198e-05	0.843801968050025	0.766278289970964	0.929168646174322	0.000552232790311801	MRFAP1L1
ENSG00000106733.19	0.86251701049807	0.814539769461792	0.913320161015691	4.08350492378969e-07	0.844309114031965	0.766129980151921	0.930465976407924	0.000640889794641597	NMRK1
ENSG00000110218.7	1.20194031609126	1.12928883263882	1.279265748223	7.37630647070118e-09	1.21832279257338	1.0845086578203	1.36864783531285	0.000879110134300283	PANX1
ENSG00000173638.17	1.1786286686842	1.11627362241253	1.24446686793689	3.09987434702323e-09	1.1947904107215	1.07491815382711	1.32803053001712	0.000969469222052749	SLC19A1
ENSG00000186951.15	0.888509640743108	0.838117106383386	0.941932070925091	7.24540236306024e-05	0.874917674737325	0.806055779346232	0.949662488852355	0.00139918950062471	PPARA
ENSG00000136273.10	1.19209262304088	1.08861726677739	1.30540352911661	0.000149009697948105	1.20470717849194	1.07458868380749	1.35058130406482	0.00140540456346899	HUS1
ENSG00000108960.6	1.13803108561077	1.08453122954041	1.19417008615349	1.41728154371056e-07	1.14331019770715	1.05154566707334	1.24308268210477	0.00170467466050898	MMD
ENSG00000249992.1	1.09049441932186	1.06155417653844	1.1202236351703	2.74184461831432e-10	1.0880798502361	1.03216794191755	1.14702047255058	0.00171096840031118	TMEM158
ENSG00000082781.10	1.11287710413985	1.0550183926549	1.17390886978007	8.63392241610462e-05	1.13305658704853	1.04740594043775	1.22571123562418	0.00184022105774828	ITGB5
ENSG00000112294.11	0.915168873359214	0.879730104086415	0.952035246804857	1.08591098931077e-05	0.910263792221261	0.856425816181724	0.967486215120371	0.00250621436498676	ALDH5A1
ENSG00000122591.10	1.11749661322275	1.07045309266648	1.16660756937382	4.1372871733208e-07	1.12447696590736	1.04195018908789	1.21354020575888	0.00255603138256165	FAM126A
ENSG00000186716.18	0.880543610498229	0.820365773692023	0.945135785589631	0.000427869655525083	0.849888556818317	0.764313361833576	0.945045049687357	0.00266606991464399	BCR
ENSG00000122971.7	0.883320620047382	0.838358705043599	0.93069388211376	3.24595741207817e-06	0.880635261915267	0.81037005750762	0.956992990231848	0.00273444439787225	ACADS
ENSG00000116260.15	1.09525821719627	1.0482390567025	1.14438643996872	4.81669464180157e-05	1.11425650265429	1.03778422545116	1.19636387146627	0.00286047284285002	QSOX1
ENSG00000164048.12	0.824663898365984	0.776800147263479	0.875476849050483	2.62978924368655e-10	0.841155651456775	0.750538218847501	0.942713924767413	0.00293634784606707	ZNF589
ENSG00000107957.15	1.08505630960763	1.02782291064553	1.14547669917173	0.00315164274699891	1.08505630960763	1.02782291064553	1.14547669917173	0.00315164274699891	SH3PXD2A
ENSG00000136378.13	1.05682401302123	1.01809755085215	1.097023554927	0.00371268052667759	1.05682401302123	1.01809755085215	1.097023554927	0.00371268052667759	ADAMTS7
ENSG00000198624.11	0.916543804446761	0.883903412081475	0.950389526714836	2.47464083841455e-06	0.902412449695885	0.840908381268869	0.968414927839506	0.00435683243395856	CCDC69
ENSG00000179344.15	0.956771857509096	0.931982081772753	0.982221016073797	0.000969231823790578	0.956740884398079	0.928011523472774	0.986359648265373	0.00447084958876785	HLA-DQB1
ENSG00000163820.13	0.900054150132591	0.848328752876681	0.954933415169369	0.000488443093373038	0.887405054019065	0.814696588533903	0.966602464011433	0.0061671335159878	FYCO1
ENSG00000130770.16	0.895061281905782	0.838129410394499	0.955860381978167	0.000945433926253657	0.885491873603476	0.811591187513895	0.966121700532104	0.00623598860462196	ATPIF1
ENSG00000105928.12	1.07689048898212	1.04120795610978	1.11379587377823	1.64152337558864e-05	1.07225492745419	1.01989597424559	1.12730186066304	0.00630965473579829	DFNA5
ENSG00000174917.7	0.921865574929695	0.869801975430065	0.977045537083614	0.0060901651830073	0.92045355519887	0.86706363736069	0.977130986437387	0.00655215319168993	C19orf70
ENSG00000053372.4	1.15545365470128	1.07458146376808	1.24241222576186	9.50483850504692e-05	1.15598817781972	1.04051753906434	1.28427308247068	0.00694050977100546	MRTO4
ENSG00000189339.10	0.895970054709994	0.847046883288047	0.947718898180565	0.000125930453242548	0.89225226847921	0.821017985254947	0.969667077827879	0.00724100626159516	SLC35E2B
ENSG00000063660.7	1.08363307264585	1.04320836496104	1.12562425261585	3.46241188784219e-05	1.09397822321146	1.02454263108694	1.16811962386692	0.00726026432647821	GPC1
ENSG00000120256.8	1.14783638540703	1.08299080040131	1.21656469027812	3.36693027346406e-06	1.15642909037324	1.03903642133508	1.28708504687748	0.00778801722735665	LRP11
ENSG00000100228.11	0.943285007137303	0.913372898562285	0.974176709305269	0.000383419600963013	0.906615682820604	0.843278420150496	0.974710103680324	0.0079733691399217	RAB36
ENSG00000146802.11	0.910191142106963	0.848807124934255	0.976014327441167	0.00825489315718776	0.910191142106963	0.848807124934255	0.976014327441167	0.00825489315718776	TMEM168
ENSG00000173258.11	0.962261581310902	0.937881379025455	0.98727554632666	0.00330324130368415	0.951589836048572	0.91700041086109	0.987483980754857	0.00862236789921828	ZNF483
ENSG00000145388.13	0.779713753979233	0.705292156873292	0.861988230295333	1.16414058036066e-06	0.790569514658154	0.663392596878866	0.942127121175807	0.00863520289561229	METTL14
ENSG00000168779.18	1.06561075625252	1.04493770265551	1.08669280566233	2.04844870494946e-10	1.05664965304692	1.01367702119532	1.10144401613011	0.00928890357978487	SHOX2
ENSG00000153933.8	0.920534078515965	0.877270269446764	0.965931502778072	0.000748323823235561	0.906207683512166	0.839801525707616	0.977864817481169	0.0111985878578293	DGKE
ENSG00000235942.2	1.0143045832409	1.00241458285005	1.02633561520863	0.0182342823542106	1.01782777863505	1.00368867158295	1.03216606532711	0.0132927020246693	LCE6A
ENSG00000087470.16	1.13379547264232	1.03741690017783	1.23912785068749	0.00559867137143206	1.13703158289485	1.02677151806066	1.25913194684467	0.0136016755835064	DNM1L
ENSG00000161048.10	0.86284201709444	0.799936066612035	0.930694811170052	0.000133681843950204	0.872049433362453	0.781013854448458	0.973696189761973	0.0149402214512646	NAPEPLD
ENSG00000123684.11	1.11045536967223	1.03892264945155	1.18691331706443	0.00204291052516228	1.12893204940633	1.02370015151177	1.24498132611845	0.0151340907123821	LPGAT1
ENSG00000198373.11	0.873416973617089	0.801412432606182	0.951890910054432	0.00204823888880108	0.809112675032049	0.681453626220331	0.960686532007459	0.0156162854020388	WWP2
ENSG00000170915.8	0.948978639701899	0.913692773447828	0.985627209474574	0.00675284920341639	0.950421256581343	0.911887031149114	0.990583848772765	0.0160413457481287	PAQR8
ENSG00000146833.14	0.875157339311175	0.815541185679584	0.939131440568507	0.000211745166969264	0.872901067476069	0.781392327289308	0.975126382727775	0.016139528062291	TRIM4
ENSG00000125637.14	0.876698781032318	0.829108390613693	0.927020835110167	3.817196568404e-06	0.892954648345819	0.813967550816258	0.979606623387864	0.016575152658435	PSD4
ENSG00000144369.11	1.0699506734805	1.03498645411382	1.1060960644761	6.6463722263109e-05	1.06977822064695	1.01219584205855	1.13063637867064	0.0168772152297441	FAM171B
ENSG00000186300.10	0.872355530468195	0.817357093859836	0.931054709447406	3.95607479105049e-05	0.851470149521933	0.745640754453269	0.972319996187038	0.0175729623747679	ZNF555
ENSG00000247077.5	1.12251495695115	1.04058509085635	1.21089552373088	0.00280080667368811	1.12988194395418	1.02065700062472	1.25079552336611	0.0185656480114222	PGAM5
ENSG00000178722.11	0.982666666565339	0.971426232948235	0.994037163941907	0.00289330704449788	0.981804504753297	0.966876357780859	0.996963135768744	0.0188220832001141	C5orf64
ENSG00000073150.12	1.05318289137325	1.03075619611451	1.07609753583097	2.37735018833709e-06	1.0462450417457	1.00742754191425	1.08655823057759	0.0190991910992534	PANX2
ENSG00000047597.5	1.03155663493028	1.01120983583635	1.05231283691834	0.00223786975468718	1.04383588160241	1.00682382604338	1.08220854486785	0.0198499299621933	XK
ENSG00000250305.7	0.962815394365694	0.942006288064265	0.984084177964981	0.000676013041943394	0.959104754657843	0.925934370159128	0.993463424680082	0.0200638267347791	KIAA1456
ENSG00000176410.7	0.873518682612437	0.811007312717552	0.940848346134098	0.000357782485341268	0.855492078622652	0.749368461886948	0.976644646537736	0.0209058025504953	DNAJC30
ENSG00000175893.10	0.913744946103856	0.865777148824799	0.96437036674353	0.00104315360641857	0.911928473705611	0.842986346599524	0.986508909082152	0.0215265126726631	ZDHHC21
ENSG00000114850.5	1.15383904524894	1.06944783669311	1.24488964927705	0.000221981044301802	1.14810589646884	1.01850584272252	1.29419694440145	0.023820270922653	SSR3
ENSG00000112139.13	1.04227698643442	1.01247476083715	1.07295644145499	0.00514898829028561	1.05469905607633	1.00576409955339	1.10601491878887	0.0280145776291462	MDGA1
ENSG00000152256.12	1.06305991564641	1.01098957810281	1.11781210086741	0.0170093638290469	1.08831888959317	1.00906296102968	1.17379990267076	0.028247656851708	PDK1
ENSG00000128928.7	0.916447778512852	0.865358686913124	0.970553070585236	0.00287078280794056	0.875917690985017	0.777963415454222	0.986205502906031	0.0285582839505195	IVD
ENSG00000113812.12	0.841542170077455	0.758302538922888	0.933919099129759	0.00116847760522904	0.815960721073486	0.679482282645515	0.979851742038881	0.0294121886949844	ACTR8
ENSG00000153012.10	1.03861933629258	1.0118544893782	1.06609214767998	0.00444559709090657	1.05427400723937	1.00524496463917	1.10569435454921	0.0296099498042334	LGI2
ENSG00000172014.12	0.986774859867183	0.976601146030119	0.997054558070188	0.0118080681060239	0.986873985134847	0.975134639810071	0.998754656819112	0.0304599240688757	ANKRD20A4
ENSG00000185070.9	1.04924161229534	1.0246370749611	1.07443697663771	7.17952973779561e-05	1.04630973954937	1.00427759597218	1.09010105917588	0.0304636389193509	FLRT2
ENSG00000071794.14	1.09019458296291	1.03703446692591	1.14607977519284	0.000709948721913318	1.11047169539954	1.00980933367819	1.22116853663041	0.0306716569699974	HLTF
ENSG00000164828.16	1.13828483912483	1.05161945136714	1.23209243923456	0.00134757367461875	1.13044760174384	1.0098634797658	1.2654302347727	0.0331295234497513	SUN1
ENSG00000064218.4	1.02463905913491	1.01430258697457	1.03508086737354	2.53661793810689e-06	1.02140286771332	1.0014209222091	1.04178352482549	0.0356564628536288	DMRT3
ENSG00000136193.15	1.08031390374729	1.03836146175712	1.12396133101355	0.000131969838285575	1.06616251691895	1.00422868276466	1.13191599880776	0.0358908480066467	SCRN1
ENSG00000141905.16	0.895280234987502	0.844102263493847	0.949561130000596	0.000230269073129204	0.888474890329819	0.795052074973735	0.992875379606626	0.0369692194811195	NFIC
ENSG00000136144.10	0.916691463209401	0.861641457144572	0.975258597126667	0.00590864294290592	0.90237248399268	0.81912615197952	0.994078992471818	0.0375053959670869	RCBTB1
ENSG00000158006.12	0.88401170311144	0.81934782908964	0.953778924521312	0.00146766021303876	0.847145252692552	0.724432468328627	0.990644553543084	0.0377376523848165	PAFAH2
ENSG00000106086.17	1.10663068059515	1.02712156916224	1.19229456376165	0.00773515309677204	1.1040103682241	1.00553381025411	1.2121311891425	0.0379188708617861	PLEKHA8
ENSG00000063438.15	1.04095178651026	1.00974421483166	1.07312387228637	0.00975577829830547	1.06118710447857	1.00285019177347	1.12291754037574	0.0395304626502106	AHRR
ENSG00000167513.7	1.09095958625403	1.04806268577609	1.13561224437471	2.10364467659079e-05	1.08522653992619	1.0038799227375	1.17316485396843	0.0396503106522933	CDT1
ENSG00000174600.12	0.96700545965729	0.937630561020455	0.997300640445536	0.0330313396398648	0.965235058380512	0.933173259575434	0.998398430695192	0.0400762920288831	CMKLR1
ENSG00000138092.9	1.20022391858006	1.1250323838217	1.28044087925559	3.2196377975101e-08	1.18617919389707	1.00657305192142	1.39783305081384	0.0415326487456868	CENPO
ENSG00000080644.14	1.02659497482624	1.00817995729986	1.04534635380084	0.00448186501225472	1.0244513217013	1.00088176683955	1.04857591106841	0.041933307465879	CHRNA3
ENSG00000147526.18	0.936970023794771	0.896536252851549	0.979227357173409	0.00382026629204206	0.914082655157328	0.836994063157202	0.998271238995087	0.0456673192760692	TACC1
ENSG00000143727.14	1.11867696795682	1.01592150366868	1.23182564215631	0.0225314160082521	1.15072455356107	1.00132238418946	1.32241825317847	0.0478623582164862	ACP1
ENSG00000123415.13	1.1062278827414	1.02285528467879	1.19639615386922	0.0115630009481312	1.10350255140765	1.00051326425592	1.21709319053237	0.0488121372755657	SMUG1
ENSG00000146834.12	0.881782845732499	0.809061247415889	0.961040946543343	0.00417192415981723	0.84747234500086	0.716594524474723	1.00225350740395	0.0531544918455802	MEPCE
ENSG00000141580.14	1.08450664801298	0.99684512928595	1.17987702906953	0.0592296732670559	1.13860510921335	0.997539422008643	1.29961940964325	0.0544225853766873	WDR45B
ENSG00000172159.14	0.936289076387907	0.905478003982471	0.968148569824665	0.000115261893383057	0.938602207574794	0.879878635928919	1.00124502185941	0.0545783255964488	FRMD3
ENSG00000162734.11	1.1017700165302	1.02598677397969	1.18315089444708	0.00768614721257286	1.14346798262535	0.997101329252938	1.31132011253954	0.0550571465054411	PEA15
ENSG00000263812.4	0.981357216125134	0.968440217349951	0.994446501071802	0.00537342385146613	0.976247351370502	0.952363720984612	1.00072994178378	0.0571417602975371	LINC00908
ENSG00000182141.8	0.933500183593565	0.889496062745321	0.979681225434187	0.00521876761844061	0.91644305998922	0.837617918589201	1.0026861455125	0.0572359166880764	ZNF708
ENSG00000078902.14	0.875147280476331	0.809817688927036	0.945747139136798	0.000754076928478759	0.853493280051759	0.724065577656583	1.00605635949594	0.0590255896436845	TOLLIP
ENSG00000151465.12	1.16029879289559	1.06492866414425	1.2642098331317	0.000680046883425854	1.17076082739184	0.99394882415449	1.37902564160806	0.0591194306325257	CDC123
ENSG00000102753.8	1.10598029680979	1.02581003938265	1.19241611016755	0.00869832871664687	1.12225139214162	0.994790089570419	1.26604416385738	0.0607866075360017	KPNA3
ENSG00000183549.9	0.972423546601132	0.956292273091281	0.988826931464772	0.00105119410321518	0.970715240083918	0.940984329995781	1.00138551439577	0.0611062102770601	ACSM5
ENSG00000120925.12	0.909407614846257	0.846806236601322	0.976636890700797	0.00906436181183699	0.905116746926802	0.814618943920948	1.00566814911544	0.0636243323103023	RNF170
ENSG00000026652.12	1.07434438118526	1.03307753182665	1.1172596575046	0.000332763644566032	1.05961496993139	0.99554948772301	1.12780318642994	0.0687915143710299	AGPAT4
ENSG00000186470.12	0.946566425281384	0.90636273243321	0.988553440480304	0.0131434503667582	0.947752297487924	0.89447759214651	1.00420002164404	0.0690682636816247	BTN3A2
ENSG00000241186.6	0.986252558017489	0.974392033853841	0.998257451211824	0.0249291767008236	0.98393733570002	0.966804475046889	1.00137380987764	0.070796146086998	TDGF1
ENSG00000134250.16	1.0629802433421	1.00976446861315	1.11900055196785	0.0197646726168265	1.07138410521243	0.993203525131031	1.15571871409781	0.0744952015581642	NOTCH2
ENSG00000183826.15	0.909655825733507	0.850490256994415	0.972937331716361	0.00578864156061037	0.885832585592803	0.775106771436726	1.01237584112899	0.0751706892855735	BTBD9
ENSG00000103264.14	0.922239451209115	0.852427684120215	0.997768633293874	0.0438434000184235	0.877303403597655	0.759434902209311	1.01346574897331	0.075361534721569	FBXO31
ENSG00000188549.11	1.04123426883197	1.00807852627065	1.07548050507622	0.0143937716983407	1.061116161491	0.992782996051262	1.13415269263864	0.0806908108204089	C15orf52
ENSG00000105419.16	1.04102912559575	1.00838536521624	1.07472963980021	0.0133731485221365	1.04897481055098	0.994090089817111	1.10688977230717	0.0811964302577352	MEIS3
ENSG00000080345.16	1.08588642263484	1.00597999529004	1.17213993159249	0.0346137071494666	1.10816446235933	0.985865968877143	1.24563430973767	0.0851816530028764	RIF1
ENSG00000213462.4	1.03013922409791	0.995876226512515	1.06558103584944	0.0853361555653738	1.03013922409791	0.995876226512515	1.06558103584944	0.0853361555653738	ERV3-1
ENSG00000108556.7	0.956686149689488	0.924624540859965	0.989859503573692	0.0108966237785202	0.952604928483358	0.901083210237228	1.00707253166095	0.0869817543381795	CHRNE
ENSG00000173559.11	1.06296854085813	1.01844576640426	1.10943769037729	0.0051547009684399	1.06958378990756	0.989858683520841	1.15573010842707	0.088744496431658	NABP1
ENSG00000101290.12	0.905514322754431	0.83142016092694	0.98621157778909	0.0226827741076857	0.87352636632921	0.74719744269579	1.02121376368652	0.0897766119099787	CDS2
ENSG00000171368.11	0.961870893327935	0.93744672686663	0.986931405183844	0.00305256400825831	0.963063829428216	0.921940790606548	1.0060211555915	0.0909621575712885	TPPP
ENSG00000106367.12	1.06685709237126	0.999496937362632	1.13875692160317	0.0517939487056551	1.07128296385226	0.989000555451768	1.16041106581163	0.0912751592025636	AP1S1
ENSG00000099974.7	0.922313167151715	0.879522661145634	0.967185515371926	0.000848334636101339	0.931657136493712	0.857835307722911	1.01183177256214	0.0928205563019028	DDTL
ENSG00000206503.10	0.956066130329113	0.917438261396817	0.996320389091696	0.0327483241551499	0.95816724228955	0.911090283986944	1.007676714737	0.0964216667384995	HLA-A
ENSG00000146530.10	1.01222163895362	0.999972991942244	1.02462031937071	0.0505104135168929	1.01300944800305	0.997649590086399	1.02860578698235	0.0972978554474122	VWDE
ENSG00000128655.15	1.02063452199385	1.00115294259008	1.04049519625908	0.0377877755832432	1.02092252323121	0.996190783918414	1.04626826032365	0.097936963043623	PDE11A
ENSG00000100605.15	0.926196788582637	0.869716903828325	0.986344507511285	0.0169278107142749	0.92624525186364	0.845778897340996	1.01436707548172	0.0984683707639753	ITPK1
ENSG00000104447.10	1.0448350387158	1.00888895590418	1.08206185798701	0.0140725969444916	1.04225767049045	0.992015642275792	1.09504427692701	0.10060116365125	TRPS1
ENSG00000130222.9	0.951094181703564	0.922910279376854	0.980138766122684	0.00108667742917874	0.955727880691934	0.904587815125598	1.00975910426681	0.1065624294833	GADD45G
ENSG00000154328.14	0.950502444440734	0.893605209645509	1.01102241474869	0.106985522502612	0.950502444440734	0.893605209645509	1.01102241474869	0.106985522502612	NEIL2
ENSG00000183309.10	1.09673773066342	1.01206548841038	1.18849389059793	0.0242890686097388	1.09653730263494	0.979068055119844	1.22810058992552	0.110923024970427	ZNF623
ENSG00000160703.14	0.927915438645305	0.871415153014565	0.988079055428036	0.0195896601679783	0.900132818840718	0.790211639319127	1.02534441564575	0.113349268976338	NLRX1
ENSG00000156711.15	0.977245998101321	0.935441709560586	1.0209184934181	0.302140341671372	0.95451139336151	0.9010208246718	1.01117751677804	0.113603498359859	MAPK13
ENSG00000149639.13	1.0647428064561	1.010554376727	1.1218369540606	0.0185767847507413	1.06384654973598	0.984717008521623	1.1493347546462	0.116548256449562	SOGA1
ENSG00000117407.15	1.03715582310293	1.01137652444004	1.063592218528	0.00449940323212258	1.03617511611509	0.990971652055614	1.08344054951419	0.118415922669576	ARTN
ENSG00000060069.15	0.929335742584496	0.85313528011338	1.01234228917399	0.0931642560907071	0.881051189061086	0.750080939581579	1.03488991225263	0.123001441524168	CTDP1
ENSG00000141527.15	1.04893787309992	1.01723352778408	1.08163035485096	0.00227983169882209	1.0412442987525	0.988842780635269	1.09642271847105	0.125007843708981	CARD14
ENSG00000172379.17	0.978787267917096	0.953931244500365	1.00429095006568	0.102319542530879	0.967687923768449	0.927886102411856	1.00919705055745	0.125338839753767	ARNT2
ENSG00000154548.8	1.0205613903464	0.995924807231192	1.04580741829438	0.102587262715197	1.0284044087208	0.992111389419435	1.0660250846382	0.126532830367803	SRSF12
ENSG00000143622.9	1.04159443595123	0.975420157000191	1.11225809843946	0.223660396700104	1.10289444883273	0.972432810342385	1.25085882780711	0.127320091788031	RIT1
ENSG00000010165.18	1.07904068761433	0.989775753226385	1.17635616121311	0.0842218210404392	1.0823182019214	0.977194392211438	1.19875093384379	0.129157838041666	METTL13
ENSG00000120457.10	0.977944660724458	0.953371893802964	1.00315078056741	0.0858554294485797	0.970684254720862	0.933452571037417	1.00940096111774	0.135946623689293	KCNJ5
ENSG00000240230.4	1.09903932924047	1.02013738092983	1.18404390408318	0.012973883823829	1.10279142821917	0.969390117103296	1.25455058051112	0.13691465911724	COX19
ENSG00000153786.11	1.12014789674063	1.03422524537177	1.21320893701586	0.00532938685192427	1.10059154219151	0.969490797624574	1.24942056769532	0.138564764173441	ZDHHC7
ENSG00000111880.14	1.12858932168321	1.03505383360288	1.23057740154804	0.00613470667113013	1.11124307739098	0.965534576136842	1.2789404000322	0.141324509631692	RNGTT
ENSG00000102445.17	0.96918845007898	0.94018369517267	0.999088004386188	0.0435058459487678	0.96183214233714	0.912968799422125	1.01331071841493	0.143496759254968	KIAA0226L
ENSG00000118402.5	1.0358487663503	1.01147632439889	1.06080848445672	0.00374030488758065	1.03564674065263	0.987845964804709	1.08576054328111	0.146288617601999	ELOVL4
ENSG00000185344.12	0.932051569931057	0.847188689358391	1.02541516420488	0.148544548987358	0.932051569931057	0.847188689358391	1.02541516420488	0.148544548987358	ATP6V0A2
ENSG00000133731.8	1.04772025981713	0.979317559710904	1.12090070472679	0.175971257580318	1.06871974430588	0.97610525164549	1.17012165434393	0.15070767074251	IMPA1
ENSG00000067334.12	1.12580301619302	1.02317139787215	1.23872934085641	0.0151134745192708	1.13499109720731	0.953958783796496	1.35037782828849	0.153206856751548	DNTTIP2
ENSG00000160679.11	1.11173197543682	0.989194737088361	1.24944860588987	0.0754641186493408	1.17892391254186	0.939930192451383	1.47868597341064	0.154440774765002	CHTOP
ENSG00000009950.14	0.987342882379029	0.968251368839409	1.00681083317551	0.201031861464458	0.981517846531475	0.956239457235617	1.00746447531542	0.161115223734121	MLXIPL
ENSG00000100220.10	0.9382287018948	0.858151087742516	1.02577868819683	0.161273996691668	0.903620180175738	0.783999399604767	1.0414924175101	0.16186447559926	RTCB
ENSG00000167291.14	1.07499685752535	1.01643849217854	1.13692884771859	0.011390280626882	1.06542221785867	0.974689416192933	1.16460123958318	0.162881576785309	TBC1D16
ENSG00000119760.14	1.16984474258734	1.03543416082817	1.32170327533394	0.0117641895132705	1.18926053507435	0.932129855278463	1.51732144644461	0.163162956650796	SUPT7L
ENSG00000127328.20	0.944620070447279	0.903380092574227	0.987742684199679	0.0123680229253561	0.931336849453089	0.842616592414729	1.02939858407427	0.163714187614896	RAB3IP
ENSG00000173041.10	1.03944897738286	0.986104842008064	1.09567880670993	0.150036902257296	1.04860517148004	0.98070237821212	1.12120948218691	0.164687242126094	ZNF680
ENSG00000074410.12	1.01589777067399	0.995180243319133	1.03704659270395	0.133516726324422	1.0265489856943	0.98917390483245	1.06533625167608	0.166137408306514	CA12
ENSG00000157107.12	0.927021444165335	0.869215947297345	0.98867118190183	0.021066202724864	0.925794523276579	0.829131874878467	1.03372638936905	0.170559838615505	FCHO2
ENSG00000102572.13	1.07630347259122	1.01094141431273	1.1458914915455	0.0214257202133557	1.08522026797204	0.963921578269535	1.2217830335654	0.176263582853891	STK24
ENSG00000198663.15	0.920104103541375	0.830788242945562	1.0190220775779	0.109981096976027	0.88228858390092	0.735732119884727	1.05803882179815	0.176616334493085	C6orf89
ENSG00000185022.10	1.04757990478899	0.999796486780243	1.0976470426015	0.0510071885907127	1.04689227979906	0.97933330997936	1.11911178179568	0.178173446469384	MAFF
ENSG00000134987.10	1.07316443605892	0.983028416032493	1.171565224401	0.114670124043748	1.08655061890831	0.962552725361089	1.22652215961173	0.179390939185354	WDR36
ENSG00000139433.8	0.921667176276928	0.870983884317814	0.975299772040697	0.00470400308106242	0.92870906533021	0.832999904040737	1.03541491882853	0.1825959987282	GLTP
ENSG00000159871.13	0.964865142776855	0.935197481289773	0.995473963918151	0.0247904438373571	0.963835637599682	0.912672071701412	1.01786738644842	0.185637947612184	LYPD5
ENSG00000157954.13	1.15574172164038	1.04565611515748	1.27741702819679	0.00459511524131655	1.11106303142616	0.949989038145208	1.29944768858816	0.187524794142106	WIPI2
ENSG00000197619.12	0.967741236047526	0.926130440597714	1.01122159351805	0.143654507706708	0.956228368347753	0.894555910062574	1.02215264819954	0.18823344148793	ZNF615
ENSG00000038532.13	0.946089696596683	0.871397417727528	1.02718426265326	0.186586280058476	0.938446880362132	0.85332578708733	1.03205898683487	0.190361504963713	CLEC16A
ENSG00000122490.17	0.9449765440338	0.883856540541044	1.01032308730491	0.0971311632374017	0.938831368581908	0.852063588340369	1.03443493032035	0.202057554695092	PQLC1
ENSG00000108590.9	0.945387097832889	0.88090997717275	1.0145835419158	0.119174371466102	0.934620138710663	0.842392842069331	1.03694471279903	0.20210941094598	MED31
ENSG00000104626.13	1.02984269043742	0.961865180821198	1.10262434714801	0.398664842954773	1.09830437490786	0.95072529850296	1.26879183907399	0.202796633274205	ERI1
ENSG00000196418.11	0.941074136461249	0.891189291543809	0.993751314922247	0.0288498017840483	0.942294718035004	0.85825425101102	1.03456444822814	0.212386221905096	ZNF124
ENSG00000139278.8	1.03415608671403	0.995369305040696	1.07445428171401	0.0850713434990885	1.03393179990913	0.979304887467863	1.09160587325101	0.228253201097157	GLIPR1
ENSG00000183655.12	1.04649488619012	0.984245060516016	1.11268178094581	0.146380004516922	1.04402849727665	0.972521024526563	1.12079376757574	0.233948868788771	KLHL25
ENSG00000204231.9	0.906758592680704	0.819521781304792	1.00328162613472	0.0578960777712189	0.900037530506041	0.756161426694923	1.07128918207334	0.235981331378667	RXRB
ENSG00000106018.12	0.98874373824781	0.974077773330894	1.003630517696	0.13763104594006	0.988033260433699	0.968150146104128	1.00832471869322	0.24576854293322	VIPR2
ENSG00000182195.7	1.02620962951633	0.999363604244668	1.05377682280914	0.0557613749757652	1.02358507187736	0.983859749051868	1.06491438477878	0.248394320367175	LDOC1
ENSG00000136807.10	0.984139584055367	0.897991088723582	1.07855270844765	0.732308162792986	0.893854857287721	0.737746239166208	1.08299637935104	0.2518728123369	CDK9
ENSG00000101350.7	0.957004340003885	0.883461906131803	1.03666870119654	0.281376498886929	0.917972624679272	0.792314074992222	1.06356022978492	0.254485102331779	KIF3B
ENSG00000241399.5	0.951994657874477	0.915595461966294	0.98984089182271	0.0133861907370807	0.964543568579479	0.906383656649717	1.02643542705402	0.255252277901423	CD302
ENSG00000204580.10	0.970612821264588	0.925761633177317	1.01763695430955	0.216577525285007	0.953531046565326	0.877659007244681	1.03596208693667	0.260673521501204	DDR1
ENSG00000163328.12	0.965917666617446	0.927372871330915	1.006064515716	0.0951244065961882	0.965625677307725	0.908330585160345	1.02653479240865	0.262368359117931	GPR155
ENSG00000139826.5	0.95351784112672	0.87643903191752	1.03737537950332	0.268403930946747	0.951702672581976	0.872593857031095	1.03798344407483	0.263564232984454	ABHD13
ENSG00000142794.17	0.973423989470889	0.933984099248143	1.01452933089568	0.201811089744414	0.964449073787013	0.90484209274373	1.02798269818342	0.266101346277289	NBPF3
ENSG00000164855.14	1.0052392658588	0.978535218478402	1.03267206181465	0.703647355249091	1.02398633534954	0.982068752691344	1.06769308371644	0.266354634553506	TMEM184A
ENSG00000179761.10	0.978075284986582	0.95211375466591	1.00474471502332	0.106288264023886	0.974062703096009	0.929612651235375	1.02063816397274	0.270134138215489	PIPOX
ENSG00000177034.13	1.03676856976027	0.972199926534415	1.10562553843673	0.271067832163992	1.03676856976027	0.972199926534415	1.10562553843673	0.271067832163992	MTX3
ENSG00000139343.9	1.06484240960262	1.00256638007128	1.13098681526473	0.0410204013301791	1.06173916987486	0.953780849444575	1.18191727743645	0.27350996361699	SNRPF
ENSG00000196914.7	0.935630149102649	0.873866944507244	1.00175865606573	0.0561930588281358	0.937187506976823	0.832883017772256	1.05455436656964	0.281210879944535	ARHGEF12
ENSG00000071553.15	1.07951211821352	0.993623781944237	1.17282459875266	0.0704910687345099	1.08100467308758	0.935612417934829	1.24899058716702	0.290558684673879	ATP6AP1
ENSG00000171033.11	1.02390430146402	1.00131298084372	1.04700532062726	0.0379651683827315	1.01935429267177	0.983333661041964	1.05669440105134	0.296328799164018	PKIA
ENSG00000115827.12	1.046150454364	0.957510881978239	1.14299565024775	0.317897442107281	1.06603757074127	0.944587535872314	1.20310300429961	0.300097978405542	DCAF17
ENSG00000166454.8	0.953675948958554	0.860361508354484	1.05711123381321	0.366625602393568	0.928180508208702	0.806018607403416	1.06885752748804	0.300617023913433	ATMIN
ENSG00000198182.11	0.990493676219732	0.951092798121966	1.03152681270274	0.644651232571731	0.965288651336163	0.901824904277509	1.03321850614103	0.308601866397738	ZNF607
ENSG00000258986.5	1.00926228809615	0.999396352855402	1.01922561880757	0.0658432888344736	1.00865710676492	0.991802413641742	1.02579822859242	0.316066499743072	TMEM179
ENSG00000151553.13	0.939487123264417	0.86447521854516	1.02100793156923	0.141488954920849	0.941380676035665	0.836501667351309	1.05940921793906	0.316173750649984	FAM160B1
ENSG00000112874.8	0.979041543066215	0.940682716247665	1.01896455254645	0.298950603100888	0.969257355076833	0.910514193564299	1.03179041799769	0.327640393787606	NUDT12
ENSG00000158022.6	1.00796437851476	0.997540985357844	1.01849668662004	0.134720572243033	1.00649788250325	0.993445602143611	1.01972164887302	0.33078147614914	TRIM63
ENSG00000140995.15	0.969171981283454	0.895926730051902	1.04840529677073	0.434809429559012	0.918639046829224	0.773316834754059	1.09127030530467	0.33411107601195	DEF8
ENSG00000133703.10	1.06884778065669	1.00179262429735	1.14039128508859	0.0439944184732609	1.05527714971737	0.944939477460816	1.17849861211009	0.339647933869135	KRAS
ENSG00000152223.11	0.949238493518865	0.882539557514566	1.02097827786387	0.161079443792809	0.943958236497531	0.837765482682154	1.0636116797254	0.343556811305992	EPG5
ENSG00000108064.9	1.06397860022848	0.97843129490099	1.15700557376256	0.147029478116733	1.07715467673509	0.923572996482987	1.25627557543434	0.34365574810449	TFAM
ENSG00000145416.12	0.978155769645171	0.937550175890106	1.02052000446991	0.307260906766829	0.97802269906125	0.934034455569989	1.02408256373726	0.343920241251682	MARCH1
ENSG00000145384.3	1.00466829009121	0.994950733155731	1.01448075716611	0.347636001930832	1.00466829009121	0.994950733155731	1.01448075716611	0.347636001930832	FABP2
ENSG00000205060.9	1.06692092906167	0.987264930196792	1.15300385342657	0.101793757066459	1.06233488576288	0.936383748166453	1.20522746333293	0.347663586463181	SLC35B4
ENSG00000163207.6	1.00639875248067	0.997558891613688	1.01531694771047	0.156484771996142	1.00499122339612	0.994566945695089	1.01552476027379	0.349326664428655	IVL
ENSG00000070018.7	0.944240971562697	0.892328461239701	0.99917356792474	0.0467430995027528	0.961475186208546	0.885021396629136	1.04453354146661	0.352726023836904	LRP6
ENSG00000130592.12	0.975262636891268	0.944368713750943	1.00716721876383	0.127226884574471	0.973399791106276	0.918845473341615	1.0311931448929	0.359581913592856	LSP1
ENSG00000235162.7	1.01457877754602	0.983591426600425	1.04654236302625	0.360429817561049	1.01457877754602	0.983591426600425	1.04654236302625	0.360429817561049	C12orf75
ENSG00000166548.14	0.938411964749214	0.87234533320692	1.00948211913641	0.0878978306996625	0.930095506420368	0.796198769798442	1.08650965547505	0.360838661192169	TK2
ENSG00000136842.12	1.02822470728047	1.00498216983021	1.05200478217503	0.0170332147087753	1.02032312313976	0.975262374882495	1.06746584552604	0.382645301647352	TMOD1
ENSG00000075142.12	1.04353824013711	0.978690513342287	1.11268275699285	0.192939418701989	1.05295387235025	0.936795824170608	1.18351494390892	0.386927377424438	SRI
ENSG00000132793.10	1.00359490330135	0.959910475593361	1.04926735934396	0.874427400062022	1.03686220700987	0.954359002111507	1.12649771621243	0.392170667562675	LPIN3
ENSG00000182253.13	0.992886919937582	0.967206418191724	1.01924927010536	0.593399280501621	0.98228189825963	0.942604966413519	1.02362894534682	0.395435947162252	SYNM
ENSG00000243646.7	1.05725103036255	0.979556677220407	1.14110777578944	0.152839870271101	1.05069187083824	0.937419579147563	1.17765132284674	0.395540515595752	IL10RB
ENSG00000156642.15	1.0592895792408	0.975424025698523	1.15036577234665	0.171098621494358	1.05936275644366	0.927083073286464	1.21051659994351	0.396770498300906	NPTN
ENSG00000232196.3	0.993770216319216	0.981428217700003	1.00626742234654	0.32704058557194	0.994185330622275	0.98062285844069	1.00793537812917	0.405338941958222	MTRNR2L4
ENSG00000185100.9	1.01080345474637	0.97907676500361	1.04355823838127	0.508993652312952	1.01813341151753	0.975616092136475	1.06250363437356	0.40896781023013	ADSSL1
ENSG00000175643.8	1.05031798399154	1.00563552467631	1.09698577707977	0.0268752627039644	1.03987582654219	0.947232806187373	1.14157969145857	0.411473783363526	RMI2
ENSG00000163235.14	1.00841683634048	0.978168341830119	1.0396007234423	0.589606955772355	1.02439384379414	0.966880173611238	1.08532864344911	0.413636602149875	TGFA
ENSG00000166037.9	0.936366261637532	0.860173458047238	1.01930810318597	0.128930753076813	0.946666693476506	0.829624240674685	1.08022136360062	0.41566613583311	CEP57
ENSG00000160305.16	0.948814681083661	0.878223241220088	1.02508024928741	0.182862300238757	0.954116656649359	0.849538484497421	1.07156839991104	0.427794442525019	DIP2A
ENSG00000173039.17	1.08439755828982	0.965629611617514	1.21777340947029	0.170994112873335	1.081394366102	0.88847873256961	1.31619782462887	0.43508258178801	RELA
ENSG00000188783.5	1.0054478851206	0.984488941219034	1.02685302736028	0.613209011113614	1.01712820714453	0.974567691327328	1.06154739067948	0.436138720704503	PRELP
ENSG00000007908.14	0.987583588897304	0.968954885567989	1.00657043953864	0.198467765896601	0.988863053520121	0.96123608721323	1.01728404876275	0.438543558616448	SELE
ENSG00000186529.13	1.00439284892341	0.990017962166612	1.01897645650868	0.551203998018293	1.00745017146395	0.988498209211326	1.02676548983586	0.443650191461997	CYP4F3
ENSG00000163945.14	0.95148184891717	0.901484505093536	1.00425210162087	0.0709347412819875	0.959175658260045	0.861971835789056	1.0673410721783	0.444539836480742	UVSSA
ENSG00000204267.12	1.01190122703379	0.963003838018961	1.06328142510719	0.639658054945913	1.03609469928868	0.946035662473124	1.13472701767687	0.444708422823324	TAP2
ENSG00000175137.10	0.963771072202744	0.87929327706036	1.05636504207124	0.430453331555062	0.954854038693394	0.845691657727714	1.07810716456498	0.455782327728647	SH3BP5L
ENSG00000171303.6	1.01451928721826	0.996510977495419	1.03285303160905	0.114685402490978	1.01297595940615	0.978963200119981	1.04817044625278	0.459387595259215	KCNK3
ENSG00000105866.12	0.97180200765336	0.915310727802622	1.03177982448246	0.349225041082884	0.9673160107016	0.885382625545483	1.05683151844455	0.461801145747835	SP4
ENSG00000106789.11	1.01781834489792	0.977744056668829	1.05953513718124	0.388820203306371	1.02239735059097	0.96375029677983	1.08461325095108	0.462393367699611	CORO2A
ENSG00000169967.15	0.967813444917282	0.883114904885739	1.06063532500773	0.483837077926889	0.967813444917282	0.883114904885739	1.06063532500773	0.483837077926889	MAP3K2
ENSG00000203783.4	1.00305790555324	0.994469586837991	1.0117203936743	0.486477315444128	1.00305790555324	0.994469586837991	1.0117203936743	0.486477315444128	PRR9
ENSG00000151715.6	0.98896925537677	0.96590457092823	1.01258469782431	0.356916747713309	0.98613575083222	0.947958644010255	1.02585036300266	0.488281936874153	TMEM45B
ENSG00000171903.15	0.999494071855036	0.985709395366543	1.0134715204798	0.943063696659226	1.00896348071724	0.98363640408249	1.03494268938797	0.491473902551698	CYP4F11
ENSG00000182013.16	0.999626278487268	0.981657742965351	1.0179237150657	0.967782524902345	0.989531727517362	0.960017513721368	1.01995330894316	0.495773311938991	PNMAL1
ENSG00000181915.4	1.06001331036111	0.961446727902561	1.16868484288668	0.241834438562637	1.05225323178019	0.906765239880763	1.22108437233154	0.502306466484417	ADO
ENSG00000077044.8	1.02580710305601	0.968863252452187	1.08609776458839	0.381890721647792	1.031880213952	0.940300664232768	1.13237905326211	0.508083884522888	DGKD
ENSG00000144120.11	1.0285623688147	0.96035113440834	1.10161846915867	0.421165768485367	1.02770972803829	0.947724844504971	1.11444507467377	0.508497732914834	TMEM177
ENSG00000081692.11	1.03084453971822	0.958147800085641	1.10905693774164	0.415555424357051	1.0313124553065	0.940833273555437	1.13049294743894	0.510457958322116	JMJD4
ENSG00000205269.5	0.972531071858518	0.933641483966502	1.0130405535453	0.180990329457402	0.973514116580559	0.898101703730101	1.05525881004947	0.514072319636439	TMEM170B
ENSG00000168395.13	0.946840062894872	0.880077982993617	1.01866666593938	0.143134138094538	0.954528236781265	0.829462204184403	1.0984516837734	0.516027505534157	ING5
ENSG00000187239.15	0.977728901754153	0.92894396332904	1.02907585716963	0.388436635155858	0.972202533348638	0.892759997012455	1.05871428940865	0.516879102295694	FNBP1
ENSG00000181450.16	1.00432626361754	0.940694277364964	1.07226254912214	0.897146533857329	1.0360113133499	0.928116350516085	1.15644923267665	0.528369217118807	ZNF678
ENSG00000037637.9	0.964825937857267	0.861934622924097	1.07999964916612	0.533710563853844	0.95706537977134	0.832373441496984	1.10043652943746	0.537788321973031	FBXO42
ENSG00000078124.10	1.04190363706515	0.975396707539698	1.11294530783047	0.222558634184093	1.02793542608664	0.94011923237438	1.12395449834085	0.54536831624656	ACER3
ENSG00000176406.19	1.01499592609416	1.00094129805204	1.02924790094352	0.0364194906382285	1.00862217470317	0.98086987381748	1.03715968698643	0.546446751938486	RIMS2
ENSG00000188243.11	0.980976037377284	0.920962218016845	1.04490061273158	0.550957091098164	0.980976037377284	0.920962218016845	1.04490061273158	0.550957091098164	COMMD6
ENSG00000103037.10	1.03457564419589	0.966014841709356	1.10800240053183	0.331237292918699	1.03932047803449	0.913277428606593	1.18275895388099	0.55875693348078	SETD6
ENSG00000136720.6	0.953541819368177	0.902813518553241	1.00712049897196	0.0880862823268753	0.975313079199771	0.896916714761166	1.06056179665627	0.558769550446514	HS6ST1
ENSG00000160209.17	1.02007770137083	0.958510482666389	1.0855995168038	0.53140983493485	1.02122840475914	0.948026581280323	1.10008250325474	0.579896386950368	PDXK
ENSG00000125347.12	0.953922839684254	0.913352252561295	0.996295549191963	0.0333923869493394	0.977222756605955	0.899627312290769	1.06151103127012	0.585181768528314	IRF1
ENSG00000101844.16	0.929579994803754	0.8571824350417	1.00809224666078	0.0775401276854764	0.95981367397777	0.827075091189817	1.11385568078156	0.589129877590483	ATG4A
ENSG00000152133.13	0.958868598226038	0.876849936675819	1.04855910938372	0.3572445282456	0.970476052139241	0.868822217300397	1.08402357700083	0.595524709180601	GPATCH11
ENSG00000064666.13	1.01733747193916	0.96714849306049	1.0701309460106	0.505471064188698	1.02467662724835	0.934715106645927	1.12329648142381	0.603100773143435	CNN2
ENSG00000128989.9	0.980363880254044	0.896116546919845	1.07253162661746	0.665318197556378	0.965578628321356	0.841469860722135	1.10799225378177	0.617769033842526	ARPP19
ENSG00000168397.15	0.981330729818306	0.901943349487928	1.06770564008535	0.661487293462663	0.956733100698787	0.802633579466867	1.14041855385705	0.62158172226282	ATG4B
ENSG00000170456.13	0.987734557829548	0.94770744702878	1.02945224266145	0.558741014994516	0.987790839985537	0.940098833817678	1.03790230182177	0.626585882087291	DENND5B
ENSG00000275152.3	0.99788395849792	0.987611255598506	1.00826351358666	0.688258264065726	0.99637737193097	0.981611330124418	1.01136553422854	0.633781957732934	CCL16
ENSG00000132530.15	1.00294455958277	0.974419297160075	1.03230487381391	0.841697744467375	1.01086034054709	0.966555115545027	1.05719644090319	0.636661294033461	XAF1
ENSG00000085449.13	1.00230057194368	0.9238214289515	1.08744656167893	0.955948255300933	1.02796286661216	0.912393791359109	1.1581705894331	0.650379941822458	WDFY1
ENSG00000104643.8	0.98987100825078	0.920134303177414	1.06489303745313	0.784751455449934	0.975308342212912	0.873249003861408	1.08929567418214	0.657529074723064	MTMR9
ENSG00000196683.9	1.02247396771456	0.95840072615138	1.09083078312362	0.500871875433108	1.01704618802644	0.943424850987434	1.0964126580898	0.659298462529116	TOMM7
ENSG00000101204.14	0.997441137583881	0.986512079244963	1.00849127332133	0.648540413683643	0.997433289461532	0.986082834120332	1.00891439593263	0.659850530273941	CHRNA4
ENSG00000272047.1	1.03129810758137	0.959264727749694	1.10874063846372	0.404158433069289	1.02478828273885	0.918287635487836	1.14364060219642	0.661850575268058	GTF2H5
ENSG00000067840.11	0.997556117620088	0.9722606425209	1.02350970951688	0.851880884187383	1.01197119856182	0.956875049255794	1.07023974291641	0.676952077848882	PDZD4
ENSG00000134504.11	1.01215117111333	0.969706814310972	1.05645333008619	0.580549382845088	1.01601658922103	0.9426290525834	1.09511764648374	0.67785129446408	KCTD1
ENSG00000093000.17	0.978272088753893	0.893813018416395	1.07071194972131	0.633468855501677	0.965246993274885	0.815705853290853	1.14220310454729	0.680451117756896	NUP50
ENSG00000171435.12	0.990391422408893	0.971989744494258	1.00914148028534	0.312981184825083	0.992207859744297	0.955122162143532	1.03073352913197	0.687324866931344	KSR2
ENSG00000198625.11	0.972078417389226	0.914663638222268	1.0330972065212	0.361931383104566	0.978492601536629	0.879452086476116	1.08868667888245	0.689653632735133	MDM4
ENSG00000153446.14	1.0039579500435	0.988619136978731	1.01953475079983	0.615064279270046	1.00543840435573	0.97850192731667	1.03311639633209	0.695467205336498	C16orf89
ENSG00000111652.8	1.05023844805095	0.961499788871235	1.14716696824172	0.276468281724625	1.02996909904303	0.885717244388859	1.19771445312152	0.701297564848973	COPS7A
ENSG00000134253.8	1.00460658136643	0.960749663044877	1.05046550849283	0.840070045754385	1.01737203780488	0.927643396263869	1.11577990796458	0.714662952177735	TRIM45
ENSG00000198231.11	0.961506363745688	0.859528517710268	1.07558326277091	0.49257685034267	0.970420541256985	0.820305445415532	1.14800655311567	0.726200576666898	DDX42
ENSG00000157693.13	0.979950616364564	0.912788735286687	1.05205418668064	0.576088469740257	0.979044583767538	0.86926238777612	1.10269155836456	0.727083095779325	C9orf91
ENSG00000171860.4	0.997424864605827	0.966864014885757	1.02895168836282	0.870991809998652	0.993049358974814	0.953851165917013	1.03385838860115	0.734270836596695	C3AR1
ENSG00000168939.9	0.991186369974367	0.944854812522425	1.03978982485169	0.717015473611713	0.99120527291247	0.941705179243688	1.04330730541224	0.735391751814934	SPRY3
ENSG00000111802.12	0.976498968024265	0.906241242987047	1.05220352961367	0.532468179398935	0.977286000247525	0.853353654984208	1.11921701008884	0.739827697900754	TDP2
ENSG00000153147.5	0.983658162735385	0.895405647424749	1.0806089775051	0.731186627137122	0.978183178684748	0.857054634467093	1.11643096318679	0.743635451111179	SMARCA5
ENSG00000122729.17	0.979542848162254	0.91868460741618	1.04443264167062	0.527665698063957	0.985087730046138	0.899998796920457	1.07822125897044	0.744443826421577	ACO1
ENSG00000151650.7	0.996758119566789	0.973062797667435	1.02103045281758	0.791377061577058	0.993210341985124	0.952587102100849	1.03556596688181	0.749161232005635	VENTX
ENSG00000011198.6	0.969634011707357	0.905717330564151	1.03806130779686	0.375451688898465	0.982319893635365	0.878931780220795	1.09786947650179	0.753230769711338	ABHD5
ENSG00000166828.2	1.007102921842	0.994801566465648	1.01955639131749	0.258998424181732	1.00351555894788	0.981714493170847	1.02580076392456	0.754159339785372	SCNN1G
ENSG00000099942.11	1.04343532593492	0.960133456212944	1.13396452583093	0.316536310270994	1.02231488578435	0.887607391451711	1.17746622635366	0.759501395937272	CRKL
ENSG00000181481.12	0.958430941088729	0.895037134572757	1.02631481237336	0.223973697065584	0.98135739019517	0.869433047982025	1.10769003953319	0.760682926759566	RNF135
ENSG00000168172.7	0.985919740061625	0.924101074260339	1.05187382735293	0.667769489101693	0.988329850988625	0.915571584928554	1.06687004100441	0.763506901556127	HOOK3
ENSG00000165138.15	1.02115328471469	0.971406159346046	1.07344803288625	0.411374468784498	1.00937824473911	0.947114157822018	1.07573562546624	0.773847497182097	ANKS6
ENSG00000197121.13	0.985014213602964	0.943420682951503	1.02844151981534	0.492752970384325	0.990699039830619	0.929113056530908	1.05636723176181	0.775364254039541	PGAP1
ENSG00000012061.14	1.01180393367745	0.93711928793448	1.09244064590925	0.764217402549681	0.98229841257206	0.867766291031097	1.11194705454053	0.777665727161252	ERCC1
ENSG00000109133.11	1.0060666092103	0.928440263071517	1.09018324864478	0.882633882791448	1.01504715708729	0.912662024368858	1.12891815765371	0.783078488421261	TMEM33
ENSG00000183695.2	1.00286627037147	0.992625466128711	1.01321272782898	0.584691606024925	1.00189187899105	0.988210518315636	1.01576265237404	0.787601526198592	MRGPRX2
ENSG00000146109.4	0.96141864763853	0.878685084553459	1.05194208058833	0.391446943459098	0.982404507476719	0.863135093815319	1.11815476305622	0.788070274391007	ABT1
ENSG00000117228.9	0.983117784609216	0.953298587400424	1.01386972685081	0.27860972587999	1.00875895144112	0.946387031915651	1.07524151092054	0.788849828219049	GBP1
ENSG00000062725.8	0.986165369447858	0.905458721895937	1.07406567784986	0.749125185134227	0.9822272863521	0.85693415828433	1.12583963741879	0.796746048447785	APPBP2
ENSG00000122863.5	1.01400674884928	0.977461515341225	1.05191833189764	0.457650922802917	1.00703077788108	0.953491446386307	1.06357638701764	0.801538530905635	CHST3
ENSG00000131828.12	1.02121944667764	0.944761204679875	1.10386535042574	0.596919681827429	1.01624274363483	0.887334050565525	1.16387882706884	0.815910851575001	PDHA1
ENSG00000101782.13	1.02263324752592	0.950771614090278	1.09992635817808	0.547149693479176	1.0119516373256	0.904907915396612	1.13165781717925	0.835013141926076	RIOK3
ENSG00000179403.11	1.00336150765166	0.960341936075992	1.04830818817575	0.880690378704195	1.00774942685888	0.936591948751285	1.08431308713298	0.836308152105447	VWA1
ENSG00000072756.15	1.01033071105649	0.928228511933135	1.09969488394409	0.812135070796575	1.01232440359685	0.894035642549201	1.14626380576468	0.846796254521823	TRNT1
ENSG00000054523.15	1.02357766687665	0.955547900302863	1.09645077949161	0.506608255404439	1.01294843430719	0.887192884623274	1.15652926026462	0.849134692288495	KIF1B
ENSG00000175387.14	1.00444142706299	0.918503711587375	1.09841970987436	0.922637668903478	1.01623231770763	0.860513403298142	1.2001302008722	0.849511851090194	SMAD2
ENSG00000100426.6	1.05078564971608	0.972242544422132	1.13567389946459	0.211380365777578	1.01271736925184	0.884772872659483	1.15916355674602	0.854494948997769	ZBED4
ENSG00000143437.19	0.991796677555733	0.90083447078944	1.09194383819323	0.866718236342944	0.991796677555733	0.90083447078944	1.09194383819323	0.866718236342944	ARNT
ENSG00000103018.15	1.03861964779202	0.961787207220206	1.12158985343277	0.333871618020815	0.987040308527807	0.844478639059194	1.15366869639716	0.869812089473586	CYB5B
ENSG00000067141.15	1.00725870868527	0.963361776855284	1.05315586584118	0.7503872431551	0.995952060957255	0.938139071668212	1.05732778612574	0.894241079215897	NEO1
ENSG00000075651.14	1.00265348832702	0.959511877706116	1.04773483373413	0.905992932550995	1.00375941730192	0.938205269194056	1.0738939557308	0.913287417462114	PLD1
ENSG00000165629.18	1.00393993276949	0.930696997604584	1.08294685725141	0.918965441943728	1.00393993276949	0.930696997604584	1.08294685725141	0.918965441943728	ATP5C1
ENSG00000182901.14	1.00399035740719	0.99413222318693	1.01394624805063	0.428930995800719	1.00085761728186	0.983749355857759	1.01826340633047	0.922368773892911	RGS7
ENSG00000162426.13	1.00859803777166	0.973127816536308	1.04536113808529	0.63928763648852	1.0030595261357	0.939094473713888	1.07138146494737	0.927600541066112	SLC45A1
ENSG00000165091.14	0.996251261014294	0.979678896501738	1.01310396561228	0.660785292125801	0.999063330910694	0.978359061593718	1.02020574894502	0.930110010031252	TMC1
ENSG00000167526.12	1.01095417614095	0.960048806730859	1.06455873815105	0.679392669812211	0.996798120715458	0.916966071786911	1.08358043338028	0.93997832059377	RPL13
ENSG00000112297.13	1.00695915564836	0.970244979766267	1.04506259995113	0.714393645466032	1.00215387863128	0.945034619751467	1.06272550810873	0.942715214497145	AIM1
ENSG00000137815.13	1.00184947153617	0.901882066834887	1.11289757333766	0.972516867341478	1.00397235687848	0.868036321920824	1.16119621716482	0.957406140493779	RTF1
ENSG00000105750.13	1.00202650285733	0.966333993043321	1.03903735111953	0.912887579004055	0.998750544173889	0.944337120812464	1.05629931038762	0.965111296106549	ZNF85
ENSG00000205086.6	0.999470509729042	0.987945831376846	1.01112962683983	0.928680750289023	1.00034142331027	0.983803088909887	1.01715777727353	0.96798657828882	C2orf91
ENSG00000183186.6	1.00271855440047	0.97904823034182	1.02696115286163	0.82373948969322	1.00055160899205	0.972872684228781	1.02901801899205	0.969266991031733	C2CD4C
ENSG00000063587.13	1.0014951716922	0.940988088806688	1.06589295959604	0.962522077705371	1.00136010183729	0.922218517894124	1.08729334110672	0.974188180998608	ZNF275
ENSG00000149218.4	1.02900403571364	0.980194032747744	1.08024459457963	0.248853340859157	0.998982140603152	0.899810093547753	1.1090843772482	0.984768822160457	ENDOD1
ENSG00000049239.11	0.997491220383405	0.938394312917462	1.06030985167478	0.935749605203167	1.00065120044566	0.922221624240284	1.08575075517038	0.987527788300196	H6PD
ENSG00000180957.16	1.00245258524379	0.909481321890185	1.10492778848217	0.960658072847761	0.999265368557674	0.86003487096761	1.1610358027405	0.992340825358841	PITPNB
