	X	idx	beta	pval	cilb	ciub	i2	tau2	symbol.x	TE.fixed	lower.fixed	upper.fixed	pval.fixed	TE.random	lower.random	upper.random	pval.random	symbol.y
1	ENSG00000009950.14	45149	-0.487692036305493	0.338020664064237	-1.48537005155659	0.509985978945598	99.1035706672097	5.39759359435787	MLXIPL	0.987342882379029	0.968251368839409	1.00681083317551	0.201031861464458	0.981517846531475	0.956239457235617	1.00746447531542	0.161115223734121	MLXIPL
2	ENSG00000026652.12	33492	-0.407052460661195	0.104240266235345	-0.898121506106224	0.0840165847838341	99.09885851217	1.39413631183393	AGPAT4	1.07434438118526	1.03307753182665	1.1172596575046	0.000332763644566032	1.05961496993139	0.99554948772301	1.12780318642994	0.0687915143710299	AGPAT4
3	ENSG00000062725.8	19089	-0.252336406768748	3.10986795702093e-06	-0.358389377596276	-0.146283435941219	94.8518808082161	0.0594627858062655	APPBP2	0.986165369447858	0.905458721895937	1.07406567784986	0.749125185134227	0.9822272863521	0.85693415828433	1.12583963741879	0.796746048447785	APPBP2
4	ENSG00000063587.13	38527	-0.244650191662161	0.245814673823258	-0.657812167078718	0.168511783754395	99.4582003165356	1.00934044857145	ZNF275	1.0014951716922	0.940988088806688	1.06589295959604	0.962522077705371	1.00136010183729	0.922218517894124	1.08729334110672	0.974188180998608	ZNF275
5	ENSG00000071794.14	26469	0.147574306714992	0.186128093211194	-0.0711957439471794	0.366344357377163	97.8448101038603	0.267094607549015	HLTF	1.09019458296291	1.03703446692591	1.14607977519284	0.000709948721913318	1.11047169539954	1.00980933367819	1.22116853663041	0.0306716569699974	HLTF
6	ENSG00000080345.16	22814	0.116881143020457	0.218811133819373	-0.0694111719995577	0.303173458040472	97.3647309573336	0.197430771506441	RIF1	1.08588642263484	1.00597999529004	1.17213993159249	0.0346137071494666	1.10816446235933	0.985865968877143	1.24563430973767	0.0851816530028764	RIF1
7	ENSG00000081692.11	50509	0.284479845181529	0.00129969047062459	0.111108603892525	0.457851086470533	97.4506493439232	0.168921310718597	JMJD4	1.03084453971822	0.958147800085641	1.10905693774164	0.415555424357051	1.0313124553065	0.940833273555437	1.13049294743894	0.510457958322116	JMJD4
8	ENSG00000099974.7	19039	0.19868164639796	0.123745079299636	-0.0543056795425261	0.451668972338445	95.1282628572151	0.332252248437547	DDTL	0.922313167151715	0.879522661145634	0.967185515371926	0.000848334636101339	0.931657136493712	0.857835307722911	1.01183177256214	0.0928205563019028	DDTL
9	ENSG00000104626.13	10627	0.326288497801026	0.00112718432797401	0.129919425335475	0.522657570266577	98.2383694237581	0.221247790439625	ERI1	1.02984269043742	0.961865180821198	1.10262434714801	0.398664842954773	1.09830437490786	0.95072529850296	1.26879183907399	0.202796633274205	ERI1
10	ENSG00000105419.16	2644	0.0155982516777183	0.96101510003027	-0.609854835888722	0.641051339244158	98.869254254817	2.13304021279524	MEIS3	1.04102912559575	1.00838536521624	1.07472963980021	0.0133731485221365	1.04897481055098	0.994090089817111	1.10688977230717	0.0811964302577352	MEIS3
11	ENSG00000105750.13	9791	0.0084493993245119	0.963114184232859	-0.349646884237304	0.366545682886328	98.7091336787432	0.704036953536771	ZNF85	1.00202650285733	0.966333993043321	1.03903735111953	0.912887579004055	0.998750544173889	0.944337120812464	1.05629931038762	0.965111296106549	ZNF85
12	ENSG00000105866.12	18351	-0.156668747912159	0.134214217028443	-0.361694770342942	0.0483572745186238	96.5687625947983	0.219079529309042	SP4	0.97180200765336	0.915310727802622	1.03177982448246	0.349225041082884	0.9673160107016	0.885382625545483	1.05683151844455	0.461801145747835	SP4
13	ENSG00000106086.17	34986	0.484619506100044	8.35999188020683e-10	0.329870971870931	0.639368040329157	96.9786553735402	0.131717249300503	PLEKHA8	1.10663068059515	1.02712156916224	1.19229456376165	0.00773515309677204	1.1040103682241	1.00553381025411	1.2121311891425	0.0379188708617861	PLEKHA8
14	ENSG00000106367.12	25330	0.691616882075104	3.61287880711523e-12	0.496618113383422	0.886615650766786	96.4780187541392	0.203161417426756	AP1S1	1.06685709237126	0.999496937362632	1.13875692160317	0.0517939487056551	1.07128296385226	0.989000555451768	1.16041106581163	0.0912751592025636	AP1S1
15	ENSG00000106733.19	40850	-0.370974693253141	0.000186512218320213	-0.565561646028019	-0.176387740478263	96.5343483205688	0.20234810185221	NMRK1	0.86251701049807	0.814539769461792	0.913320161015691	4.08350492378969e-07	0.844309114031965	0.766129980151921	0.930465976407924	0.000640889794641597	NMRK1
16	ENSG00000108064.9	51307	0.0206843675771558	0.775560214688826	-0.121508749671986	0.162877484826298	96.8553364882835	0.1075813567658	TFAM	1.06397860022848	0.97843129490099	1.15700557376256	0.147029478116733	1.07715467673509	0.923572996482987	1.25627557543434	0.34365574810449	TFAM
17	ENSG00000108556.7	46856	-0.288479309891444	0.0932293471181714	-0.625312316054719	0.0483536962718308	95.3408961588413	0.55680861612699	CHRNE	0.956686149689488	0.924624540859965	0.989859503573692	0.0108966237785202	0.952604928483358	0.901083210237228	1.00707253166095	0.0869817543381795	CHRNE
18	ENSG00000110218.7	18342	0.171487242379157	0.020231493230889	0.0267392056474627	0.316235279110852	94.9353442517589	0.104318934151109	PANX1	1.20194031609126	1.12928883263882	1.279265748223	7.37630647070118e-09	1.21832279257338	1.0845086578203	1.36864783531285	0.000879110134300283	PANX1
19	ENSG00000111652.8	7488	0.0658020736124236	0.213932054258035	-0.0379692677645708	0.169573414989418	95.9343279259243	0.0573389482589849	COPS7A	1.05023844805095	0.961499788871235	1.14716696824172	0.276468281724625	1.02996909904303	0.885717244388859	1.19771445312152	0.701297564848973	COPS7A
20	ENSG00000112294.11	37009	-0.470836656354946	0.00602741224754869	-0.806862386342981	-0.134810926366911	98.4413926744125	0.615799631242364	ALDH5A1	0.915168873359214	0.879730104086415	0.952035246804857	1.08591098931077e-05	0.910263792221261	0.856425816181724	0.967486215120371	0.00250621436498676	ALDH5A1
21	ENSG00000113812.12	21532	-0.0167709709113287	0.776173636656591	-0.132386396628431	0.098844454805774	97.4084682137066	0.0736257079074483	ACTR8	0.841542170077455	0.758302538922888	0.933919099129759	0.00116847760522904	0.815960721073486	0.679482282645515	0.979851742038881	0.0294121886949844	ACTR8
22	ENSG00000116260.15	18261	0.0341209097796541	0.850991708575269	-0.32187911755505	0.390120937114358	98.7199189548978	0.695241539272282	QSOX1	1.09525821719627	1.0482390567025	1.14438643996872	4.81669464180157e-05	1.11425650265429	1.03778422545116	1.19636387146627	0.00286047284285002	QSOX1
23	ENSG00000117228.9	19487	-0.126000779499661	0.6325245263026	-0.642456409896301	0.39045485089698	98.6260088667557	1.53684745608434	GBP1	0.983117784609216	0.953298587400424	1.01386972685081	0.27860972587999	1.00875895144112	0.946387031915651	1.07524151092054	0.788849828219049	GBP1
24	ENSG00000122729.17	51319	-0.677496869430198	2.35922177040994e-05	-0.991572729431785	-0.363421009428612	98.4048720677321	0.54309838272408	ACO1	0.979542848162254	0.91868460741618	1.04443264167062	0.527665698063957	0.985087730046138	0.899998796920457	1.07822125897044	0.744443826421577	ACO1
25	ENSG00000122863.5	15358	-0.254644330329041	0.118504283776002	-0.574354347274883	0.0650656866168014	97.1677412004073	0.538115658812412	CHST3	1.01400674884928	0.977461515341225	1.05191833189764	0.457650922802917	1.00703077788108	0.953491446386307	1.06357638701764	0.801538530905635	CHST3
26	ENSG00000123415.13	24079	0.436589199661286	2.34150234789139e-08	0.283366220891558	0.589812178431013	97.2443819852587	0.132182342510612	SMUG1	1.1062278827414	1.02285528467879	1.19639615386922	0.0115630009481312	1.10350255140765	1.00051326425592	1.21709319053237	0.0488121372755657	SMUG1
27	ENSG00000130770.16	17664	-0.0407718518285959	0.756479015254673	-0.298460864490968	0.216917160833776	98.0355856343727	0.367221263799401	ATPIF1	0.895061281905782	0.838129410394499	0.955860381978167	0.000945433926253657	0.885491873603476	0.811591187513895	0.966121700532104	0.00623598860462196	ATPIF1
28	ENSG00000132793.10	33451	0.406711512876962	0.000270259805393084	0.187852634393156	0.625570391360768	95.0510968951835	0.240931552314371	LPIN3	1.00359490330135	0.959910475593361	1.04926735934396	0.874427400062022	1.03686220700987	0.954359002111507	1.12649771621243	0.392170667562675	LPIN3
29	ENSG00000133731.8	21982	-0.0987156035097396	0.301570385094191	-0.286000806716599	0.08856959969712	97.2902999228559	0.195406069247434	IMPA1	1.04772025981713	0.979317559710904	1.12090070472679	0.175971257580318	1.06871974430588	0.97610525164549	1.17012165434393	0.15070767074251	IMPA1
30	ENSG00000134253.8	14640	0.478225032458892	0.0201088554786116	0.0749640147649732	0.881486050152811	98.2257077641311	0.899904027532257	TRIM45	1.00460658136643	0.960749663044877	1.05046550849283	0.840070045754385	1.01737203780488	0.927643396263869	1.11577990796458	0.714662952177735	TRIM45
31	ENSG00000134987.10	1277	0.0940325026820543	0.199473684152786	-0.0496095687640201	0.237674574128129	97.1868602385717	0.113524355222233	WDR36	1.07316443605892	0.983028416032493	1.171565224401	0.114670124043748	1.08655061890831	0.962552725361089	1.22652215961173	0.179390939185354	WDR36
32	ENSG00000136720.6	20236	-0.18745756906294	0.339160604409848	-0.571848064274379	0.196932926148499	98.8627169654961	0.831874245702339	HS6ST1	0.953541819368177	0.902813518553241	1.00712049897196	0.0880862823268753	0.975313079199771	0.896916714761166	1.06056179665627	0.558769550446514	HS6ST1
33	ENSG00000137815.13	54921	-0.0725445335105132	0.122108618645796	-0.164514918733126	0.0194258517120993	95.9055594282067	0.0434014414454866	RTF1	1.00184947153617	0.901882066834887	1.11289757333766	0.972516867341478	1.00397235687848	0.868036321920824	1.16119621716482	0.957406140493779	RTF1
34	ENSG00000139433.8	9635	-0.104058040234114	0.534014740866937	-0.432010379662258	0.223894299194031	99.2169669433474	0.60054867772878	GLTP	0.921667176276928	0.870983884317814	0.975299772040697	0.00470400308106242	0.92870906533021	0.832999904040737	1.03541491882853	0.1825959987282	GLTP
35	ENSG00000141012.11	18132	0.353800820679504	0.000127038643146002	0.172847437057355	0.534754204301654	97.1407412440659	0.180219039708617	GALNS	1.17089450017247	1.10155341408585	1.24460050053214	4.07751170545388e-07	1.16956391775842	1.07479985333887	1.27268323816114	0.000279948908222626	GALNS
36	ENSG00000141580.14	37140	0.273403063945567	1.0032165393456e-05	0.152071079430898	0.394735048460235	97.381295933107	0.080499114176659	WDR45B	1.08450664801298	0.99684512928595	1.17987702906953	0.0592296732670559	1.13860510921335	0.997539422008643	1.29961940964325	0.0544225853766873	WDR45B
37	ENSG00000142794.17	35472	-0.214443080242042	0.0187063315556308	-0.39319312596857	-0.0356930345155143	90.2596518096226	0.151928078980619	NBPF3	0.973423989470889	0.933984099248143	1.01452933089568	0.201811089744414	0.964449073787013	0.90484209274373	1.02798269818342	0.266101346277289	NBPF3
38	ENSG00000143437.19	39662	-0.28456633082815	7.72083228484273e-05	-0.425662526860613	-0.143470134795686	97.9042980880442	0.113713108453266	ARNT	0.991796677555733	0.90083447078944	1.09194383819323	0.866718236342944	0.991796677555733	0.90083447078944	1.09194383819323	0.866718236342944	ARNT
39	ENSG00000143622.9	58234	0.23705086892416	0.0492302857181122	0.00079891379648675	0.473302824051833	99.0281784339118	0.321887329458881	RIT1	1.04159443595123	0.975420157000191	1.11225809843946	0.223660396700104	1.10289444883273	0.972432810342385	1.25085882780711	0.127320091788031	RIT1
40	ENSG00000144120.11	44513	0.206786411124578	0.180867091644566	-0.0961034620244989	0.509676284273655	98.670681790369	0.528274814982	TMEM177	1.0285623688147	0.96035113440834	1.10161846915867	0.421165768485367	1.02770972803829	0.947724844504971	1.11444507467377	0.508497732914834	TMEM177
41	ENSG00000145416.12	48352	0.186382572616432	0.35485442035957	-0.208448235553476	0.581213380786339	97.8089394856986	0.886312640502213	MARCH1	0.978155769645171	0.937550175890106	1.02052000446991	0.307260906766829	0.97802269906125	0.934034455569989	1.02408256373726	0.343920241251682	MARCH1
42	ENSG00000146530.10	17576	-0.504426243776719	0.231335592836307	-1.33042357462638	0.321571087072945	97.663801915526	3.73019825228436	VWDE	1.01222163895362	0.999972991942244	1.02462031937071	0.0505104135168929	1.01300944800305	0.997649590086399	1.02860578698235	0.0972978554474122	VWDE
43	ENSG00000149639.13	60253	0.124316324142023	0.463213601790596	-0.207836049769537	0.456468698053582	98.0647244828873	0.600454422105985	SOGA1	1.0647428064561	1.010554376727	1.1218369540606	0.0185767847507413	1.06384654973598	0.984717008521623	1.1493347546462	0.116548256449562	SOGA1
44	ENSG00000151465.12	53924	0.333366868500712	1.52430022540381e-07	0.208902702829917	0.457831034171506	97.3152441318551	0.0832908841087343	CDC123	1.16029879289559	1.06492866414425	1.2642098331317	0.000680046883425854	1.17076082739184	0.99394882415449	1.37902564160806	0.0591194306325257	CDC123
45	ENSG00000151498.10	2146	-0.314039878202638	0.0042907498359831	-0.529556823658141	-0.0985229327471339	98.2744892706814	0.259898485651586	ACAD8	0.804934702760732	0.749782571982698	0.864143686342524	2.07256389536333e-09	0.776530447640822	0.681765506632525	0.884467650896095	0.000139654492196463	ACAD8
46	ENSG00000151553.13	23027	-0.329203036051407	1.05835504954567e-05	-0.475682397581637	-0.182723674521177	96.0968799618159	0.11361675532778	FAM160B1	0.939487123264417	0.86447521854516	1.02100793156923	0.141488954920849	0.941380676035665	0.836501667351309	1.05940921793906	0.316173750649984	FAM160B1
47	ENSG00000152133.13	30392	-0.146232320465791	0.0388652107644194	-0.284985483898595	-0.00747915703298627	95.6717739544553	0.103504406915705	GPATCH11	0.958868598226038	0.876849936675819	1.04855910938372	0.3572445282456	0.970476052139241	0.868822217300397	1.08402357700083	0.595524709180601	GPATCH11
48	ENSG00000152223.11	27448	-0.194138703938388	0.0003029327518196	-0.299460633734343	-0.0888167741424335	90.1914927009709	0.0518992524062582	EPG5	0.949238493518865	0.882539557514566	1.02097827786387	0.161079443792809	0.943958236497531	0.837765482682154	1.0636116797254	0.343556811305992	EPG5
49	ENSG00000153786.11	56249	-0.0217020043034161	0.828568256940186	-0.218134541595301	0.174730532988469	98.8223056043808	0.219821398496162	ZDHHC7	1.12014789674063	1.03422524537177	1.21320893701586	0.00532938685192427	1.10059154219151	0.969490797624574	1.24942056769532	0.138564764173441	ZDHHC7
50	ENSG00000154328.14	37222	-0.105755245208071	0.173379737018165	-0.258005001579446	0.0464945111633033	96.4816518543123	0.119773321589526	NEIL2	0.950502444440734	0.893605209645509	1.01102241474869	0.106985522502612	0.950502444440734	0.893605209645509	1.01102241474869	0.106985522502612	NEIL2
51	ENSG00000158022.6	45683	-2.25576813787312	9.19953073801007e-06	-3.25262150467956	-1.25891477106668	95.8849608078483	5.49009263330167	TRIM63	1.00796437851476	0.997540985357844	1.01849668662004	0.134720572243033	1.00649788250325	0.993445602143611	1.01972164887302	0.33078147614914	TRIM63
52	ENSG00000160305.16	41738	0.0532489135155361	0.470488467528186	-0.091365459136807	0.197863286167879	96.3095013823588	0.1131435548355	DIP2A	0.948814681083661	0.878223241220088	1.02508024928741	0.182862300238757	0.954116656649359	0.849538484497421	1.07156839991104	0.427794442525019	DIP2A
53	ENSG00000160703.14	42116	-0.223955405745167	0.00969534894495096	-0.393660765194122	-0.0542500462962112	96.1135454295855	0.14741681124882	NLRX1	0.927915438645305	0.871415153014565	0.988079055428036	0.0195896601679783	0.900132818840718	0.790211639319127	1.02534441564575	0.113349268976338	NLRX1
54	ENSG00000163945.14	42611	0.319838675612888	0.00220920866338075	0.115016173715544	0.524661177510232	96.5113890408486	0.232359295870564	UVSSA	0.95148184891717	0.901484505093536	1.00425210162087	0.0709347412819875	0.959175658260045	0.861971835789056	1.0673410721783	0.444539836480742	UVSSA
55	ENSG00000165629.18	29621	-0.0569760572260381	0.603768380554448	-0.272146341014581	0.158194226562504	98.2172871098993	0.259735509583052	ATP5C1	1.00393993276949	0.930696997604584	1.08294685725141	0.918965441943728	1.00393993276949	0.930696997604584	1.08294685725141	0.918965441943728	ATP5C1
56	ENSG00000166037.9	28282	-0.00580081266400324	0.91819289832695	-0.116494519676472	0.104892894348465	95.5110203887129	0.0636626378033565	CEP57	0.936366261637532	0.860173458047238	1.01930810318597	0.128930753076813	0.946666693476506	0.829624240674685	1.08022136360062	0.41566613583311	CEP57
57	ENSG00000166454.8	3348	-0.0567917998769037	0.370903005359226	-0.181190520509209	0.0676069207554011	97.9312881847848	0.088748553855064	ATMIN	0.953675948958554	0.860361508354484	1.05711123381321	0.366625602393568	0.928180508208702	0.806018607403416	1.06885752748804	0.300617023913433	ATMIN
58	ENSG00000167526.12	6862	0.257502547338113	0.0272606467451325	0.0289022758825323	0.486102818793693	96.5725659484549	0.279569357252218	RPL13	1.01095417614095	0.960048806730859	1.06455873815105	0.679392669812211	0.996798120715458	0.916966071786911	1.08358043338028	0.93997832059377	RPL13
59	ENSG00000171435.12	10421	-0.235134428902994	0.651710545066474	-1.25610947222632	0.785840614420334	99.2481820685701	5.65567175126353	KSR2	0.990391422408893	0.971989744494258	1.00914148028534	0.312981184825083	0.992207859744297	0.955122162143532	1.03073352913197	0.687324866931344	KSR2
60	ENSG00000171903.15	41979	-0.226057866035118	0.660149045595599	-1.23369449085407	0.781578758783837	98.2540593244307	5.6658945629963	CYP4F11	0.999494071855036	0.985709395366543	1.0134715204798	0.943063696659226	1.00896348071724	0.98363640408249	1.03494268938797	0.491473902551698	CYP4F11
61	ENSG00000172014.12	50911	-0.974332507924723	0.00184043669274694	-1.58741555549705	-0.361249460352394	78.5933165616993	1.45878988351888	ANKRD20A4	0.986774859867183	0.976601146030119	0.997054558070188	0.0118080681060239	0.986873985134847	0.975134639810071	0.998754656819112	0.0304599240688757	ANKRD20A4
62	ENSG00000173258.11	41459	-0.994573626631777	0.000352389889995014	-1.54008607323112	-0.44906118003243	98.7005672009454	1.68008523482644	ZNF483	0.962261581310902	0.937881379025455	0.98727554632666	0.00330324130368415	0.951589836048572	0.91700041086109	0.987483980754857	0.00862236789921828	ZNF483
63	ENSG00000173875.12	30171	-0.0819818458702509	0.13914993553924	-0.190626454425062	0.0266627626845598	95.9653813710895	0.0616828279707479	ZNF791	0.738592896816315	0.670445207890136	0.813667486630629	8.52286598497865e-10	0.739792679051056	0.662323068861643	0.826323638278506	9.28906574891679e-08	ZNF791
64	ENSG00000175137.10	58203	0.171369977454772	0.0532152223738241	-0.00237518308502563	0.345115137994569	98.2592398644201	0.172440843389614	SH3BP5L	0.963771072202744	0.87929327706036	1.05636504207124	0.430453331555062	0.954854038693394	0.845691657727714	1.07810716456498	0.455782327728647	SH3BP5L
65	ENSG00000175643.8	868	1.59828724698542	3.90398735027265e-14	1.18415161737029	2.01242287660056	97.5719037312215	0.942440262575219	RMI2	1.05031798399154	1.00563552467631	1.09698577707977	0.0268752627039644	1.03987582654219	0.947232806187373	1.14157969145857	0.411473783363526	RMI2
66	ENSG00000179344.15	17596	0.135592765059793	0.563739985859195	-0.324755577508402	0.595941107627988	96.0964038564876	1.1378762380476	HLA-DQB1	0.956771857509096	0.931982081772753	0.982221016073797	0.000969231823790578	0.956740884398079	0.928011523472774	0.986359648265373	0.00447084958876785	HLA-DQB1
67	ENSG00000182195.7	38946	-0.660190545862389	0.0142340730260755	-1.18805289655619	-0.132328195168591	99.2110559775755	1.59808078810447	LDOC1	1.02620962951633	0.999363604244668	1.05377682280914	0.0557613749757652	1.02358507187736	0.983859749051868	1.06491438477878	0.248394320367175	LDOC1
68	ENSG00000183549.9	8890	-2.45219343613943	4.74603144070886e-09	-3.27294849274294	-1.63143837953591	98.6854366476053	3.69398844764803	ACSM5	0.972423546601132	0.956292273091281	0.988826931464772	0.00105119410321518	0.970715240083918	0.940984329995781	1.00138551439577	0.0611062102770601	ACSM5
69	ENSG00000185100.9	19824	-0.170319834456903	0.418811405409385	-0.583216447578671	0.242576778664865	98.3342688211457	0.945929915626768	ADSSL1	1.01080345474637	0.97907676500361	1.04355823838127	0.508993652312952	1.01813341151753	0.975616092136475	1.06250363437356	0.40896781023013	ADSSL1
70	ENSG00000185344.12	54647	0.0882437253240043	0.082654837029862	-0.0114139886376752	0.187901439285684	94.3256008419437	0.0496938109612789	ATP6V0A2	0.932051569931057	0.847188689358391	1.02541516420488	0.148544548987358	0.932051569931057	0.847188689358391	1.02541516420488	0.148544548987358	ATP6V0A2
71	ENSG00000186470.12	6416	0.200901005953539	0.281588008472266	-0.164787868610212	0.566589880517289	97.9729991825818	0.763471580225723	BTN3A2	0.946566425281384	0.90636273243321	0.988553440480304	0.0131434503667582	0.947752297487924	0.89447759214651	1.00420002164404	0.0690682636816247	BTN3A2
72	ENSG00000186716.18	20646	0.0953297487114385	0.375526808952518	-0.115513790649021	0.306173288071898	98.0263425040093	0.244757687530509	BCR	0.880543610498229	0.820365773692023	0.945135785589631	0.000427869655525083	0.849888556818317	0.764313361833576	0.945045049687357	0.00266606991464399	BCR
73	ENSG00000188549.11	35855	-0.38639978680124	0.117766517722738	-0.870558610462061	0.0977590368595818	98.3734115350118	1.29136524817933	C15orf52	1.04123426883197	1.00807852627065	1.07548050507622	0.0143937716983407	1.061116161491	0.992782996051262	1.13415269263864	0.0806908108204089	C15orf52
74	ENSG00000189339.10	20470	-0.133830621073923	0.0689734916576582	-0.278064732532027	0.0104034903841806	90.2604763076765	0.0956980936754859	SLC35E2B	0.895970054709994	0.847046883288047	0.947718898180565	0.000125930453242548	0.89225226847921	0.821017985254947	0.969667077827879	0.00724100626159516	SLC35E2B
75	ENSG00000196418.11	54381	0.308222638925371	0.0232767659231232	0.0419633970730022	0.574481880777739	97.7621966408887	0.377626817082023	ZNF124	0.941074136461249	0.891189291543809	0.993751314922247	0.0288498017840483	0.942294718035004	0.85825425101102	1.03456444822814	0.212386221905096	ZNF124
76	ENSG00000196683.9	24573	-0.0543124193996529	0.574919994723529	-0.244124327977898	0.135499489178592	96.6067647145855	0.191670345793972	TOMM7	1.02247396771456	0.95840072615138	1.09083078312362	0.500871875433108	1.01704618802644	0.943424850987434	1.0964126580898	0.659298462529116	TOMM7
77	ENSG00000197619.12	10755	-0.377311877640941	3.20718715199793e-06	-0.536106007142055	-0.218517748139826	95.381697337709	0.133148304514938	ZNF615	0.967741236047526	0.926130440597714	1.01122159351805	0.143654507706708	0.956228368347753	0.894555910062574	1.02215264819954	0.18823344148793	ZNF615
78	ENSG00000198231.11	23035	0.019965732791454	0.67119442096976	-0.0722162683305821	0.11214773391349	96.588099692323	0.0453306268717606	DDX42	0.961506363745688	0.859528517710268	1.07558326277091	0.49257685034267	0.970420541256985	0.820305445415532	1.14800655311567	0.726200576666898	DDX42
79	ENSG00000198663.15	48997	-0.282482938338694	4.33232053998627e-08	-0.383575256812846	-0.181390619864543	96.4825973828415	0.0555527803587458	C6orf89	0.920104103541375	0.830788242945562	1.0190220775779	0.109981096976027	0.88228858390092	0.735732119884727	1.05803882179815	0.176616334493085	C6orf89
80	ENSG00000204267.12	25483	0.519263277396538	1.68616357813957e-07	0.324703581570744	0.713822973222332	95.5153006142376	0.199198207326781	TAP2	1.01190122703379	0.963003838018961	1.06328142510719	0.639658054945913	1.03609469928868	0.946035662473124	1.13472701767687	0.444708422823324	TAP2
81	ENSG00000258986.5	37537	-1.12541659004301	0.0571747056868377	-2.28514712884018	0.0343139487541535	97.7506629385644	7.29240586964848	TMEM179	1.00926228809615	0.999396352855402	1.01922561880757	0.0658432888344736	1.00865710676492	0.991802413641742	1.02579822859242	0.316066499743072	TMEM179
82	ENSG00000272047.1	31844	-0.150954509390722	0.0567863485867584	-0.306268368621427	0.00435934983998215	96.7546998285647	0.130871836467967	GTF2H5	1.03129810758137	0.959264727749694	1.10874063846372	0.404158433069289	1.02478828273885	0.918287635487836	1.14364060219642	0.661850575268058	GTF2H5
